00000000000000000000000000000000000000000000000000000000000000000000000000000000
00000000000000000000000000000000000000000000000000000000000000000000000000000000
00010000000000000000000010000000000000000000000000000000000000000000000000000000
00001000000000001110000001000000000000000000000000000000000000000001000000000000
00111000000000000000000011000000000000000000001010000000000000000000100000000000
00000000000000000000000000000000000000000000010001000000000011100000000000000000
00000000000100100000000000000000000000000000100001000000000000000000000000000000
00000000000011110001110000000000010000000000100001000000000000000000000000000000
00010000000010010000000000000000001000000000100001000000000000000000000000000000
00001000000000000000000000000000111000000000010001000000000000000000000000000000
00111000000000000000000000000000000000000000001010000000000000000000000000000000
00000000000000000000000000000000000000000000000000000000000000000000000000000000
00000000000011100000000000000000000000000000000000000000000000000000001000000000
00001000000000000000000000000000000000000000000000000000000000000001001000000000
00000100000000011100000000000000000000000000000000000000000000000010011000000000
00011100000000000010000000000000010000011000000000000000000000000011101000000000
00000000000000000100000000000000000000000000000010000000000000000000000000000000
00000000000000001000000000000100000000000000000000100000000000000000000000000000
00000000000000111000000000000000000001010100000000000000000000000000000000000000
00000100000000000000000000001100000010000010000000000000000000000000000000000000
00000010000000000000000000000000000001010100000000000000000011100000000000000000
00001110000000000000000000000000000000111000000000000000100000100000000000000000
00000000000011000000000000000000000001010100000000000001100000110000000000000000
00000000000010010000000000000000000010000010000001100011000000000000000000000000
00000000000000110000000000000000000001010100000000011100000000000000000000000000
