00000000000000000000000000000000000000000000000000000000000000000000000000000000
00000000000000000000000000000000000000000000000000000000000000000000000000000000
00000000000000010100000000000000000000000000000001000000000000000000000000000000
00000000000111110000000000010000000000000000000001000001000000000000000000000000
00000000000000000000000000011000010111000000000001001111000000000000000000000000
00000000000000000000000000011000000001100000000000000000000000000000000000000000
00000000000001000001000000000000000001000101000000000000000000000000000000000000
00000000000001110001111000000000000001000101000000001000000000000000000000000000
000000000000000000000011000000000001111101101111100001000000000000000000000000000
00000000000000000000011000000000001111100001111100011000000000000000000000000000
00000000000000000000110000000000001111100001111100110000000000000000000000000000
00000000000000000000000000000010001111100001111101000000000000000000000000000000
00000000000000000000000000000010001111100001111100000000000000000000000000000000
00000000000000000000000000000011000000000000000000000000000000000000000000000000
00000000000000000000000000000011110000000000000000000000000000000000000000000000
00000000000000000000011100000000010000000000000000000000000000000000000000000000
00000000000000000000110000000000000000000000000000000000000000000000000000000000
00000000000000000000110000011011100000000000000000000000000000000000000000000000
00000000000000000000000000100000000000000000000000000000000000000000000000000000
00000000000000000000000001100000000000000000000000000000000000000000000000000000
00000000000000000000000000000000000000000000000000000000000000000000000000000000
00000000000000000000000000000000000000000000000000000000000000000000000000000000
00000000000000000000000000000000000000000000000000000000000000000000000000000000
00000000000000000000000000000000000000000000000000000000000000000000000000000000
00000000000000000000000000000000000000000000000000000000000000000000000000000000
