00000000000000000000000000000000000000000000000000000000000000000000000000000000
00000000000000000000000000000000000000000000000000000000000000000000000000000000
00000000000000000000000000000000000000000000000000000000000000000000000000000000
00000000000000001110000000000000000000000000000000000000000000000000000000000000
00000000000000000000000000000000000000011010000000000000000100000000000000000000
00000000000000000000000000000001000001000000100010000000001110000000000000000000
00000000000100100000000000001001000010011100010010000000001000000000000000000000
00000000000011110001110000000011000100000000001010000000000000000000000000000000
00000000000010010000000000000000001110000000011100000000000000000000000000000000
00000000000000000000000000000000001111100001111100000000000000000000000000000000
00000000000000000000000000000000000000000000000000000000000000000000000000000000
00000000000000000000000000000000001111100000011100000000000000000000000000000000
00000000000011100000000000000000001110000001111100000000000000000000001000000000
00000000000000000000000000000000000000000000000000000000000000000001001000000000
00000000000000011100000000000000000100000000100000000000000000000010011000000000
00000000000000000010000000000000010000011000001000000000000000000011101000000000
00000000000000000100000000000001000000000000000010000000000000000000000000000000
00000000000000001000000000000100000000000000000000100000000000000000000000000000
00000000000000111000000000001100000000000000000000110000000000000000000000000000
00000000000000000000000000001100000000000000000000110000000000000000000000000000
00000000000000000000000000000000000000000000000000000000000000000000000000000000
00000000000000000000000000000000000000000000000000000000000000000000000000000000
00000000000011000000000000000000000000000000000000000000000000000000000000000000
00000000000010010000000000000000000000000000000000000000000000000000000000000000
00000000000000110000000000000000000000000000000000000000000000000000000000000000
